 255.21727310   64.25818190    1893.77    2916.49  HaNB1 Q1700    20.66     1.17   2.2930   2.2920 -1.0000  AGN 25.61 16.64 3631.00 671.7 "MD157, BNB10"        
 255.24151290   64.21971560    1733.46    2330.35  HaNB2 Q1700    20.67     1.45  -1.0000  -1.0000 -1.0000  --- 30 .68 16.75 2512.00 960.2 "DRG46"        
 255.19801070   64.16245750    2022.34    1457.81  HaNB3 Q1700    20.70     1.17  -2.0000   2.2860  2.2884  GAL 23.24 15.20 1005.00 671.7 "MD69, DRG20"        
 255.34216260   64.20539480    1066.27    2113.01  HaNB4 Q1700    20.77     1.30  -2.0000   2.2960  2.2946  GAL 20.95 12.63 2105.00 796.8 "BX710"         
 255.39050920   64.23841060     746.91    2616.88  HaNB5 Q1700    21.13     1.94  -2.0000   2.2910  2.2934  GAL 20.66 8.74 3070.1 1622.4 "BX909"         
 255.18845080   64.15279250    2085.94    1310.56  HaNB6 Q1700    21.22     0.87  -1.0000  -1.0000 -1.0000  --- 15.59 12.51 708.21 431.0 ""         
 255.38118930   64.23622050     808.55    2583.34  HaNB7 Q1700    21.22     0.78  -1.0000  -1.0000 -1.0000  --- 14.45 12.32 2999.00 369.5          
 255.25093870   64.19878170    1670.99    2011.40  HaNB8 Q1700    21.23     0.93   2.3150   2.3150  2.3153  GAL 17.18 13.14 1906.10 478.9 "MD103"         
 255.33978420   64.23847150    1082.78    2617.01 HaNB10 Q1700    21.27     1.56  -2.0000   2.2890  2.2905  GAL 14.90 7.66 3077.00 1093.3 "BX913"         
 255.38976500   64.24399450     752.03    2701.96 HaNB11 Q1700    21.30     0.92  -1.0000  -1.0000  1.6118  GAL 12.88 9.95 3244.00 469.0 "DRG56, z from msfr"         
 255.31687090   64.23890460    1234.50    2623.33 HaNB12 Q1700    21.31     1.03  -2.0000   2.3020  2.3067  GAL 14.82 10.56 3081.00 552.2 "BX917"         
 255.35074380   64.20292390    1009.32    2075.48 HaNB13 Q1700    21.32     1.75  -1.0000  -1.0000 -1.0000  --- 14.38 6.69 2018.00 1342.0          
 255.31557480   64.17417140    1242.00    1636.93 HaNB14 Q1700    21.38     1.21   2.2960   2.2890  2.2910  GAL 15.28 9.77 1319.00 711.3 "BX563"         
 255.36903790   64.23873140     889.09    2621.40 HaNB15 Q1700    21.41     1.04  -1.0000  -1.0000 -1.0000  --- 13.60 9.64 3086.10 563.4          
 255.13344620   64.20683640    2449.76    2134.24 HaNB17 Q1700    21.55     2.43   3.3170   3.3140 -1.0000  GAL 14.51 5.07 2138.00 2476.3 "C34"         
 255.32426860   64.24485340    1185.63    2714.07 HaNB18 Q1700    21.56     0.77  -2.0000   2.3050  2.3053  GAL 11.96 10.24 3264.00 361.2 "BX951"         
 255.33887230   64.20574560    1088.09    2118.31 HaNB19 Q1700    21.57     1.30   2.2960   2.2960  2.2948  GAL 10.85 6.57 2112.00 796.8 "BX711"         
 255.27884740   64.19731350    1485.93    1989.20 HaNB21 Q1700    21.66     1.04  -1.0000  -1.0000 -1.0000  --- 14.48 10.24 1874.20 563.4          
 255.31391190   64.18894620    1253.28    1862.03 HaNB22 Q1700    21.67     1.12  -1.0000  -1.0000  2.2889  GAL 12.06 8.11 1686.00 633.8 "RK123, zneb msfr hiprih1, hp3_JK 4/15,hp4_H 10/15"          
 255.15581440   64.14976690    2302.75    1264.55 HaNB23 Q1700    21.68     0.82  -1.0000  -1.0000 -1.0000  --- 11.39 9.48 609.20 395.1          
 255.19596620   64.21612700    2035.26    2275.59 HaNB24 Q1700    21.69     0.78  -1.0000  -1.0000 -1.0000  --- 12.10 10.34 2418.00 369.5          
 255.18364770   64.17944340    2117.44    1716.63 HaNB25 Q1700    21.70     1.42  -1.0000  -1.0000 -1.0000  --- 9.24 5.15 1471.00 925.2          
 255.22032330   64.24343220    1873.69    2691.71 HaNB26 Q1700    21.71     1.42  -2.0000   2.2960  2.2971  GAL 13.12 7.32 3220.00 925.2 "BX939"         
 255.28712580   64.25784650    1431.62    2911.71 HaNB27 Q1700    21.73     1.31  -1.0000  -1.0000 -1.0000  --- 11.11 6.65 3624.00 811.9          
 255.30944420   64.18343570    1282.83    1778.02 HaNB28 Q1700    21.75     1.40  -1.0000  -1.0000 -1.0000  --- 10.91 6.13 1561.00 908.2 "BM490"         
 255.34332780   64.19792010    1058.37    1999.13 HaNB29 Q1700    21.75     0.82  -2.0000  -2.0000  2.3072  GAL  9.26 7.72 1883.00 395.1 "BX705"         
 255.23086900   64.21182920    1804.01    2210.14 HaNB30 Q1700    21.77     1.33  -1.0000  -1.0000 -1.0000  --- 10.53 6.23 2291.00 827.3          
 255.32378000   64.23214760    1188.63    2520.44 HaNB31 Q1700    21.77     0.80  -2.0000   2.3080  2.3062  GAL 12.41 10.34 2875.00 386.4 "BX879"         
 255.25365310   64.23481230    1653.05    2560.46 HaNB32 Q1700    21.77     1.55  -1.0000  -1.0000 -1.0000  --- 12.22 6.36 2961.10 1073.2          
 255.33027980   64.24396280    1145.82    2700.57 HaNB33 Q1700    21.80     0.77  -1.0000  -1.0000  2.296   GAL 10.77 9.30 3235.00 361.2 "DRG55; NOEMA CO(3->2)"         
 255.12466660   64.18139880    2508.70    1746.69 HaNB34 Q1700    21.83     0.83  -1.0000 -1.0000  -1.0000 --- 10.96 9.02 1523.10 403.9          
 255.37929690   64.22490850     820.72    2410.93 HaNB35 Q1700    21.83     1.08  -2.0000  2.2900   2.2923 GAL 12.07 8.28 2675.00 597.8 "BX810; zneb msfr"         
 255.28818990   64.16416620    1423.64    1484.22 HaNB36 Q1700    21.84     1.04  -1.0000 -1.0000  -1.0000 --- 9.43 6.69 1056.00 563.4          
 255.34786780   64.20830480    1028.52    2157.43 HaNB38 Q1700    21.89     1.10  -1.0000 -1.0000  -1.0000 --- 8.89 6.06 2187.00 609.6          
 255.31671120   64.23429610    1235.48    2553.10 HaNB39 Q1700    21.91     0.78  -1.0000 -1.0000  -1.0000 --- 12.83 10.95 2940.20 369.5          
 255.26179750   64.23190700    1599.11    2516.23 HaNB40 Q1700    21.92     1.15  -2.0000  1.8430  -1.0000 GAL 10.68 7.04 2873.10 658.9 "BX846?"         
 255.14768030   64.25012320    2354.37    2793.81 HaNB41 Q1700    21.93     1.48   2.2967  2.2967   2.2967 GAL 11.81 6.38 3413.00 996.5 "BX991"         
 255.39814510   64.18694600     694.46    1832.82 HaNB42 Q1700    21.94     0.80  -1.0000 -1.0000  -1.0000 --- 12.98 10.89 1658.20 386.4          
 255.24337910   64.18990120    1721.12    1876.05 HaNB43 Q1700    21.95     1.61  -1.0000 -1.0000  -1.0000 --- 9.03 4.53 1715.00 1155.9          
 255.34892630   64.25653950    1022.69    2892.48 HaNB44 Q1700    21.95     1.33  -1.0000 -1.0000  -1.0000 --- 10.10 5.96 3592.00 827.3          
 255.37948700   64.19971170     818.65    2026.99 HaNB45 Q1700    21.97     1.04  -1.0000 -1.0000  -1.0000 --- 11.95 8.41 1944.20 563.4          
 255.15120950   64.15921160    2333.12    1408.47 HaNB46 Q1700    21.98     0.90  -1.0000 -1.0000  -1.0000 --- 10.96 8.60 925.10 449.7          
 255.23837250   64.15342420    1754.39    1320.25 HaNB47 Q1700    21.99     0.86  -1.0000 -1.0000  -1.0000 --- 13.03 10.57 718.12 421.8          
 255.35984890   64.20459050     949.00    2101.01 HaNB49 Q1700    22.00     1.00  -2.0000 -2.0000   2.2969 GAL 9.74 7.11 2073.00 530.5 "MD110, rk_H,K; no hope for Hbeta; zneb msfr hp3_JK 5/15, hp4_H 10/15"         
 255.14105040   64.23944020    2398.52    2631.04 HaNB51 Q1700    22.00     2.46   2.3010  2.2960   2.2976 GAL 12.20 4.23 3108.00 2529.9 "BX919"         
 255.29900970   64.21190750    1352.42    2211.75 HaNB52 Q1700    22.01     0.79  -1.0000 -1.0000  -1.0000 --- 8.46 7.17 2297.00 377.9          
 255.32777920   64.13913920    1160.30    1103.34 HaNB53 Q1700    22.05     1.37  -1.0000 -1.0000  -1.0000 --- 10.41 5.96 314.00 875.0 "DRG6"         
 255.15245190   64.23474920    2323.15    2559.49 HaNB55 Q1700    22.07     1.30  -1.0000 -1.0000  -1.0000 --- 8.45 5.07 2964.00 796.8          
 255.38048190   64.21627680     812.59    2279.42 HaNB56 Q1700    22.09     0.77   2.2960  2.2890   2.2919 GAL 10.19 8.73 2413.00 361.2 "BX763"         
 255.24783700   64.21544890    1691.56    2265.36 HaNB57 Q1700    21.99     1.27  -2.0000 -2.0000   2.3078 GAL 8.03 4.93 2387.00 767.4 "BX759,LM1; z from Ha, msfr June 2012; also on slit w/BM620zneb msfr; blend with z=2.418"      
 255.32031100   64.14090300    1209.96    1130.12 HaNB58 Q1700    22.11     1.01  -1.0000 -1.0000  -1.0000 --- 8.47 6.13 376.00 541.3          
 255.15485270   64.20903870    2307.83    2167.68 HaNB59 Q1700    22.12     0.92  -1.0000 -1.0000  -1.0000 --- 8.90 6.88 2207.00 469.0          
 255.34133310   64.23344490    1072.41    2540.43 HaNB60 Q1700    22.14     2.35  -1.0000 -1.0000  -1.0000 --- 10.01 3.59 2911.00 2324.3          
 255.20064610   64.16833890    2004.78    1547.42 HaNB61 Q1700    22.16     0.97  -2.0000  2.3090   2.3084 GAL 9.94 7.40 1179.00 509.4 "BX505; LM1; z from Ha, msfr June 2012; also on slit w/BM620"         
 255.16111470   64.17994800    2266.93    1724.38 HaNB62 Q1700    22.16     1.47  -1.0000 -1.0000  -1.0000 --- 8.32 4.49 1485.00 978.2          
 255.36368360   64.13872050     921.69    1097.47 HaNB63 Q1700    22.17     1.27  -1.0000 -1.0000  -1.0000 --- 6.34 3.88 306.00 767.4          
 255.15387260   64.15008530    2315.64    1269.41 HaNB64 Q1700    22.18     2.46  -1.0000 -1.0000  -1.0000 --- 9.32 3.22 609.12 2529.9          
 255.14316180   64.14958700    2386.79    1261.87 HaNB65 Q1700    22.18     1.28  -1.0000 -1.0000  -1.0000 --- 7.54 4.56 610.10 782.0          
 255.28430190   64.25397320    1450.27    2852.66 HaNB66 Q1700    22.18     0.91  -1.0000 -1.0000  -1.0000 --- 9.99 7.77 3520.00 459.3          
 255.32703190   64.14935910    1165.47    1259.03 HaNB67 Q1700    22.19     1.31  -1.0000 -1.0000  -1.0000 --- 9.12 5.46 590.00 811.9          
 255.22714720   64.20860770    1828.69    2161.04 HaNB68 Q1700    22.19     1.15  -1.0000 -1.0000  -1.0000 --- 11.11 7.34 2213.20 658.9          
 255.38474490   64.23817720     785.07    2613.22 HaNB69 Q1700    22.19     1.81  -1.0000 -1.0000  -1.0000 --- 10.17 4.60 3073.22 1419.9          
 255.17116420   64.25466440    2198.88    2862.92 HaNB71 Q1700    22.19     0.78  -1.0000 -1.0000  -1.0000 --- 9.26 7.84 3544.00 369.5          
 255.26756620   64.17919510    1560.64    1713.05 HaNB72 Q1700    22.20     0.83  -2.0000  2.4260   2.4328 GAL 8.55 7.04 1462.00 403.9 "?DRG29, BX561; rk_H,K; nz; mult masks, from sum"        
 255.21061870   64.25755770    1937.80    2906.97 HaNB73 Q1700    22.20     0.96  -1.0000 -1.0000  -1.0000 --- 7.31 5.47 3614.00 499.1 "BX1039"         
 255.22734640   64.14584490    1827.65    1204.74 HaNB74 Q1700    22.21     1.10  -1.0000 -1.0000  -1.0000 --- 8.64 5.93 499.00 609.6          
 255.36881610   64.25720030     891.10    2902.85 HaNB75 Q1700    22.23     1.81  -1.0000 -1.0000  -2.0000 --- 7.43 3.37 3612.00 1419.9 "BX1035"         
 255.26598530   64.24620330    1571.44    2734.12 HaNB76 Q1700    22.24     1.00  -1.0000 -1.0000  -1.0000 --- 8.50 6.15 3304.00 530.5 "BM759"         
 255.31964980   64.20925380    1215.58    2171.53 HaNB77 Q1700    22.25     1.40  -1.0000 -1.0000  -1.0000 --- 7.32 4.11 2218.00 908.2          
 255.26881890   64.23158590    1552.61    2511.38 HaNB78 Q1700    22.25     1.21  -1.0000 -1.0000  -1.0000 --- 8.09 5.13 2857.00 711.3          
 255.33097560   64.24623130    1141.26    2735.15 HaNB79 Q1700    22.25     1.00  -1.0000 -1.0000  -2.0000 --- 9.45 6.91 3306.10 530.5 "RK121; msfr hp4_H 10/15"          
 255.36704310   64.17066700     900.31    1584.24 HaNB80 Q1700    22.15     0.90  -1.0000 -1.0000  -1.0000 --- 8.11 6.39 1234.10 449.7          
 255.34318980   64.18920130    1059.08    1866.28 HaNB81 Q1700    22.26     1.06  -1.0000 -1.0000  -1.0000 --- 8.00 5.66 1690.00 574.7          
 255.18153480   64.23188940    2130.63    2515.81 HaNB82 Q1700    22.26     0.90  -1.0000 -1.0000  -1.0000 --- 7.25 5.64 2864.00 449.7          
 255.26509700   64.24872270    1577.33    2772.51 HaNB83 Q1700    22.26     0.86  -1.0000 -1.0000  -1.0000 --- 7.45 6.01 3369.00 421.8          
 255.29110090   64.20212990    1404.73    2062.69 HaNB84 Q1700    22.16     1.25  -1.0000 -1.0000  -1.0000 --- 8.38 5.14 1986.00 753.0          
 255.35906530   64.14516250     952.56    1195.54 HaNB85 Q1700    22.28     0.87  -1.0000 -1.0000  -1.0000 --- 8.64 6.89 481.00 431.0 "BM348"         
 255.15598720   64.14057070    2301.80    1124.44 HaNB86 Q1700    22.29     1.14  -1.0000 -1.0000  -1.0000 --- 7.83 5.22 363.00 646.2          
 255.22324110   64.23602800    1854.42    2578.88 HaNB88 Q1700    22.30     0.77  -1.0000 -1.0000  -1.0000 --- 6.55 5.63 2994.00 361.2          
 255.16923090   64.23644590    2212.02    2585.28 HaNB89 Q1700    22.32     0.91  -1.0000 -1.0000  -1.0000 --- 7.86 6.11 3005.00 459.3          
 255.32907840   64.19452420    1152.79    1947.20 HaNB91 Q1700    22.33     1.42  -2.0000  2.2980   2.2946 GAL 8.97 4.99 1804.00 925.2 "BX649; rk_H,K; LM1; nz; s5,s7; Halpha nb; z from s7; zneb msfr"         
 255.36061140   64.20261630     943.89    2070.94 HaNB92 Q1700    22.33     1.51  -1.0000 -1.0000  -1.0000 --- 8.39 4.44 2005.00 1034.2          
 255.34468720   64.25484190    1050.70    2866.55 HaNB93 Q1700    22.33     0.99  -1.0000 -1.0000  -1.0000 --- 6.66 4.88 3547.00 519.9 "BM801"         
