  14665.11  -0.39818   271.371     INDEF   54.8502     4.648        0.
  14698.59  1.243777   692.729     -557.   135.893     4.789        0.
    14740. 0.9241495   122.136    -132.2   25.7829      4.45        0.
  14783.74  1.125737   402.712    -357.7    83.516      4.53        0.
  14833.09 -1.170403   872.969     INDEF   176.982     4.634        0.
   14887.6  -0.27485    1201.9     INDEF   243.151     4.644        0.
   14931.9 -0.521365   421.355     INDEF    85.512     4.629        0.
  15055.35   9.37947   3348.85     -357.   664.112     4.737        0.
  15068.85   4.50141   1096.89    -243.7   217.354     4.741        0.
  15088.19  2.439251   238.724    -97.87   48.5467      4.62        0.
  15187.12 0.8015733   691.104    -862.2   142.168     4.567        0.
  15240.97  4.099566   2310.68    -563.6   479.168      4.53        0.
  15287.79  2.785509   829.705    -297.9   172.449      4.52        0.
  15332.42  3.258095   2407.93    -739.1   494.891     4.571        0.
  15395.34  3.258095   625.804    -192.1   132.551     4.435        0.
  15432.13  4.223396   1548.65    -366.7   315.937     4.605        0.
  15597.6  1.888629   1042.47     -552.   215.821     4.538        0.
  15631.52  5.697638   518.078    -90.93   112.182     4.338        0.
  15655.19  9.218449   1476.42    -160.2   298.083     4.653        0.
  15702.47  3.054673   400.121     -131.   85.3451     4.404        0.
  15833.1 0.9667844   3888.41    -4022.   753.698     4.847        0.
  15847.98 0.9602246   1310.34    -1365.    255.86     4.811        0.
  15869.34 0.5838573   417.871    -715.7   83.6128     4.695        0.
  15972.6  3.182928   770.045    -241.9   159.946     4.523        0.
  16030.82  1.025398   2646.31    -2581.   543.847     4.571        0.
  16079.75 -3.368188   1040.09     INDEF   208.915     4.677        0.
  16128.6  1.311182   2829.12    -2158.    577.21     4.605        0.
  16194.61 0.7845368   776.012    -989.1   160.324     4.547        0.
  16235.36 0.8776472   1891.32    -2155.    380.41     4.671        0.
  16317.05  0.844338   453.047    -536.6   91.9107     4.631        0.
  16351.28  5.790543   867.482    -149.8   175.862     4.634        0.
  16388.45  11.18397   451.378    -40.36   104.694      4.05        0.
  16442.29  10.20842   1074.66    -105.3   201.086     5.021        0.
  16477.97  2.556485   734.493    -287.3   126.954     5.435        0.
  16502.37  5.790028   1221.35    -210.9   257.703     4.452        0.
  16553.81  5.643708   414.667    -73.47   91.2115     4.271        0.
  16692.19  6.078702   3686.57    -606.5   717.072      4.83        0.
  16708.82  6.368653   1215.09    -190.8   249.047     4.583        0.
  16732.54  6.145838   379.382    -61.73   83.8746     4.249        0.
  16840.49  1.845294   616.911    -334.3   128.432     4.512        0.
  16903.68 0.8563845   2570.68    -3002.   527.916     4.575        0.
  16955.08  1.594937    971.27     -609.   201.553     4.527        0.
  17008.74 0.7824073   2717.25    -3473.   553.651     4.611        0.
  17078.37 0.8719112   771.459    -884.8   159.503     4.544        0.
  17123.65 0.7222199   1929.62    -2672.   386.743     4.687        0.
  17210.38  2.494463   443.401    -177.8   91.3931     4.558        0.
  17248.58  6.367895   919.961    -144.5   180.382     4.791        0.
  17282.78  3.849494   171.052    -44.43   38.9549     4.125        0.
  17330.86  3.439751    483.95    -140.7   103.099      4.41        0.
   17386.1   3.64217   1275.84    -350.3   224.507     5.339        0.
  17427.09  3.712814    357.33    -96.24    77.724     4.319        0.
  17449.96  2.931143   1107.78    -377.9   229.406     4.536        0.
  17505.74  4.575906   399.164    -87.23    79.145     4.738        0.
  17653.04  5.339971   3129.65    -586.1   606.525     4.847        0.
  17671.79  9.931002   979.652    -98.65   209.263     4.398        0.
  17698.4  8.718537   285.776    -32.78   67.8651     3.956        0.
  17811.45 0.6600862   422.661    -640.3     87.29     4.549        0.
  17880.3  5.651885   2146.05    -379.7   446.508     4.515        0.
  17993.96  4.287277   2355.24    -549.4   483.992     4.572        0.
  18067.95 0.1003312   529.815    -5281.   108.066     4.606        0.
