  11538.79 0.4553688   191.382    -420.3   45.3587     3.964        0.
  11565.24 0.2367917   49.3497    -208.4   11.4932     4.034        0.
  11591.7 0.2270357   218.926    -964.3   51.3177     4.008        0.
  11627.87 0.3625732   64.2728    -177.3   15.2139     3.969        0.
  11650.77 0.2224545    154.61     -695.   35.9336     4.042        0.
  11696.36 0.4133692   38.0121    -91.96   9.05563     3.943        0.
  11716.14 0.4133692   84.5699    -204.6   19.6667      4.04        0.
  11770.9 0.2482089   18.0108    -72.56   4.09513     4.132        0.
  11788. 0.4989984   33.1195    -66.37   7.77543     4.002        0.
  11851.48 0.3682746   5.52575      -15.   1.32462     3.919        0.
  11866.53  0.276013   11.6434    -42.18   2.49995     4.375        0.
  11988.49 -0.022382   79.4223     INDEF   15.7534     4.736        0.
  12007.05 0.4933885   124.437    -252.2   28.8165     4.057        0.
  12030.83 0.2495549   142.718    -571.9   31.3697     4.274        0.
  12055.92  -0.12224    53.318     INDEF   11.8775     4.217        0.
  12122.49 0.3722221   372.278    -1000.   83.3021     4.198        0.
  12135.86 0.3380186    136.43    -403.6   30.5429     4.196        0.
  12154.99 0.4766534   44.5423    -93.45   10.4751     3.995        0.
  12179.92 0.5951867   13.0273    -21.89     3.339     3.665        0.
  12196.4  0.346314   73.6405    -212.6   17.3604     3.985        0.
  12229.31 0.6057585   246.035    -406.2   58.3775     3.959        0.
  12257.73  0.401854    97.231     -242.   23.0282     3.967        0.
  12286.98 0.2565226   281.945    -1099.   66.1291     4.005        0.
  12325.95 -0.173645   86.8708     INDEF   19.7527     4.132        0.
  12351.6 0.6820694   202.449    -296.8   47.7061     3.987        0.
  12400.9 0.8187301    46.683    -57.02   11.5406       3.8        0.
  12423.35 0.5333745   111.018    -208.1   25.8859     4.029        0.
  12482.72 0.1839027   25.1909     -137.   5.68833      4.16        0.
  12502.37  0.341424   48.5855    -142.3   10.8835     4.194        0.
  12526.09 0.2043897   17.2264    -84.28   3.84165     4.213        0.
  12541.98 0.2401632   19.9565     -83.1    4.5917     4.083        0.
  12558. 0.0278826   21.0086    -753.5   4.51671      4.37        0.
  12589.61 0.5258632   41.3281    -78.59   9.46304     4.103        0.
  12673.98 0.7372363   47.4575    -64.37   11.6407      3.83        0.
  12685.77  1.486325   166.759    -112.2   40.3334     3.884        0.
  12710.06  1.339296   85.7249    -64.01   21.2242     3.794        0.
  12726.12 0.6468288   52.1836    -80.68   12.7591     3.842        0.
  12764.01 0.3536822   100.686    -284.7   19.2078     4.924        0.
  12782.39 1.9567E-4   163.579  -836005.   32.8098     4.684        0.
  12806.47 0.3949621   198.867    -503.5   32.3519     5.775        0.
  12824.78 0.9096129    59.064    -64.93    14.665     3.784        0.
  12834.54  1.082944   50.8187    -46.93   12.9205     3.695        0.
  12845.02  1.008458   91.0428    -90.28   22.3794     3.822        0.
  12905.58  1.326137    420.24    -316.9   95.7181     4.124        0.
   12921.1  1.008458   151.485    -150.2   35.2941     4.032        0.
  12943.18  1.086248   51.8263    -47.71   13.0725     3.724        0.
  12985.66  1.274035   75.9052    -59.58   19.0788     3.738        0.
  13021.64 0.8511271   278.289     -327.   66.2834     3.944        0.
  13052.73 0.6906462   111.566    -161.5   26.7757     3.914        0.
  13085.28  0.880376   322.102    -365.9   76.4372     3.959        0.
  13127.83 0.3569956   97.7638    -273.9   23.1357      3.97        0.
  13156.82 0.2189281   216.581    -989.3    50.328     4.043        0.
  13210.85 -0.035327   63.7585     INDEF   14.5324     4.122        0.
  13236.54 0.6889645   137.717    -199.9    32.223     4.015        0.
  13301.96 0.3003193   20.7201    -68.99   4.85307     4.011        0.
  13324.64 0.2090036   38.0681    -182.1   8.37383     4.271        0.
  13421.56 0.3086752   22.5262    -72.98   4.95327     4.272        0.
  13509.39 0.1577794   2.45986    -15.59  0.576262      4.01        0.
