   19250.4  1.356316   1051.31    -775.1    171.56     5.757        0.
  19350.12 0.8453314   334.803    -396.1   55.6132     5.656        0.
  19399.43 0.4077549   109.152    -267.7   17.1829     5.968        0.
  19518.51  1.148291   122.991    -107.1    20.514     5.632        0.
  19560.42  1.052272   183.465    -174.4   26.6948     6.456        0.
  19560.52  0.941395   185.015    -196.5   26.8062     6.484        0.
  19593.22 0.6408508   81.2924    -126.9   13.3261     5.731        0.
  19618.72  1.104542   60.3286    -54.62   10.5413     5.376        0.
  19642.48 0.8615225   285.893    -331.8   47.1882     5.692        0.
  19677.97 -0.112139    134.44     INDEF   21.2698     5.938        0.
  19701.83 -0.036455   429.637     INDEF   65.5356     6.159        0.
   19736.1  1.580824    92.621    -58.59   14.8014     5.879        0.
  19751.57  1.365138   217.362    -159.2   36.9767     5.522        0.
  19771.85  0.941395   635.713    -675.3   105.145      5.68        0.
  19839.71  1.741949   212.977    -122.3   36.7842     5.439        0.
   19891.9 -0.330217    27.203     INDEF   3.39314     7.532        0.
  20007.94  1.466438   1263.98    -861.9   199.463     5.953        0.
    20037.  1.832619   16242.6    -8863.   27.6398     552.1        0.
  20068.94  2.528103   72.6659    -28.74    12.872     5.303        0.
  20116.16  1.696488   15.9975     -9.43   2.88027     5.218        0.
  20174.46  1.373009   12.7707    -9.301   2.17122     5.526        0.
  20193.21  1.525874   242.334    -158.8   40.0885     5.679        0.
  20275.88 0.7085599   1068.08    -1507.   176.535     5.684        0.
  20339.57  1.032517   496.544    -480.9   82.6223     5.646        0.
  20412.68  3.333032   1412.34    -423.7   235.283     5.639        0.
  20499.43   1.88279   233.696    -124.1   39.6477     5.537        0.
  20563.64  1.856968   920.736    -495.8   149.351     5.792        0.
  20672.54  1.103804   35.3233      -32.   5.75643     5.765        0.
  20729.02   2.12784   633.412    -297.7   101.854     5.842        0.
  20729.04 0.9888732   649.591    -656.9     102.5     5.954        0.
  20860.25 0.2746782   144.164    -524.8    23.434     5.779        0.
  20909.59 -0.281672   304.051     INDEF   45.5537      6.27        0.
  21033.25  1.153077   29.2507    -25.37   5.05371     5.437        0.
  21066.29 0.5893052     151.9    -257.8   15.9405     8.952        0.
  21115.79   1.58195   216.888    -137.1   35.3018     5.772        0.
  21156.12  1.067763   90.4378     -84.7   15.8423     5.363        0.
  21176.57 0.9727368   367.784    -378.1   61.4683     5.621        0.
  21232.38  0.707523   146.778    -207.5   24.7592     5.569        0.
  21249.61 0.9098206   404.257    -444.3   67.4872     5.627        0.
  21279.07 0.6228381   15.1195    -24.28   2.67507      5.31        0.
  21324.87  1.574375   5791.42    -3679.   8.73236      623.        0.
  21507.12  1.200725   1156.37    -963.1   187.104     5.806        0.
  21537.56 0.8775616   423.826     -483.   69.2388     5.751        0.
  21580.69 -1.633323   189.862     INDEF   28.7366     6.207        0.
  21637.02  1.210759   50.5365    -41.74   9.03616     5.254        0.
  21710.99  1.336627   242.597    -181.5   39.7753      5.73        0.
   21802.3 0.9638731   816.983    -847.6   135.353      5.67        0.
  21873.54  1.233079   329.581    -267.3   55.3713     5.592        0.
  21873.52   1.67657   324.286    -193.4   55.0059     5.538        0.
  21955.64 0.7121444   997.245    -1400.   163.389     5.734        0.
  22052.35 -0.058693   319.341     INDEF   51.6061     5.813        0.
  22125.51 0.4978075   795.273    -1598.   128.348     5.821        0.
  22253.02 0.3513806   9319.22   -26522.   15.3173     571.6        0.
  22312.75  1.641132   469.387     -286.   74.6846     5.904        0.
  22460.33 0.7853224   111.387    -141.8   17.4158     6.008        0.
  22517.99 0.7906137   232.034    -293.5   34.3412     6.348        0.
  22689.14  0.868156   72.1112    -83.06   8.62079     7.858        0.
  22742.11 0.8624455   95.9321    -111.2   12.0306     7.491        0.
  22829.28 0.8130677   43.6741    -53.72   6.24984     6.565        0.
   22898.2 0.9045226   56.2125    -62.15   5.67752     9.301        0.
    22986.  1.322434   81.0114    -61.26   7.69479      9.89        0.
  23286.22  1.075466   52.5826    -48.89   5.74844     8.593        0.
  23559.76  3.917768   88.4401    -22.57   14.0692     5.905        0.
  23675.23  2.340314   105.172    -44.94   13.3933     7.377        0.
  23767.28  2.570862   152.459     -59.3   16.0691     8.913        0.
  23914.55  3.339629   199.892    -59.85   28.5931     6.568        0.
  23968.14  3.976357   199.457    -50.16   22.7181     8.248        0.
  24042.62   4.66391   208.635    -44.73   33.0929     5.923        0.
